{
 "cells": [
  {
   "cell_type": "code",
   "execution_count": 1,
   "metadata": {},
   "outputs": [
    {
     "data": {
      "text/html": [
       "<style>.container { width:100% !important; }</style>"
      ],
      "text/plain": [
       "<IPython.core.display.HTML object>"
      ]
     },
     "metadata": {},
     "output_type": "display_data"
    }
   ],
   "source": [
    "import os\n",
    "import subprocess\n",
    "import sys\n",
    "import autograd.numpy as np\n",
    "import itertools\n",
    "import json\n",
    "from tqdm import tqdm\n",
    "from IPython.display import display, HTML\n",
    "import time\n",
    "import copy\n",
    "from collections import namedtuple\n",
    "from functools import partial\n",
    "import matplotlib.pyplot as plt\n",
    "top_level_dir = '/'.join( os.getcwd().split( '/' )[ :-2 ] )\n",
    "if top_level_dir not in sys.path:\n",
    "    sys.path.append( top_level_dir )\n",
    "%load_ext autoreload\n",
    "%autoreload 2\n",
    "display(HTML(\"<style>.container { width:100% !important; }</style>\"))"
   ]
  },
  {
   "cell_type": "markdown",
   "metadata": {},
   "source": [
    "# This notebook will look at the convergence rate for different kinds of graphs\n",
    "\\*Even though gibbs isn't the best choice for getting a good marginal value, will include the plot of the marginal values that are sampled anyway"
   ]
  },
  {
   "cell_type": "code",
   "execution_count": 2,
   "metadata": {},
   "outputs": [],
   "source": [
    "from GenModels.GM.Distributions import Categorical, Dirichlet, TensorTransition, TensorTransitionDirichletPrior\n",
    "from GenModels.GM.Models.DiscreteGraphModels import *\n",
    "from GenModels.GM.States.GraphicalMessagePassing import *"
   ]
  },
  {
   "cell_type": "code",
   "execution_count": 3,
   "metadata": {},
   "outputs": [],
   "source": [
    "graphs = []\n",
    "for _ in range( 50 ):\n",
    "    line = DataGraph()\n",
    "    for i in range( 1, 30 ):\n",
    "        line.addEdge( parents=[ i-1 ], children=[ i ] )\n",
    "    graphs.append( ( line, np.array( [] ) ) )"
   ]
  },
  {
   "cell_type": "code",
   "execution_count": 4,
   "metadata": {},
   "outputs": [],
   "source": [
    "graphs = [ ( graph1(), np.array( [] ) ),\n",
    "           ( graph2(), np.array( [] ) ),\n",
    "           ( graph3(), np.array( [] ) ),\n",
    "           ( graph4(), np.array( [] ) ),\n",
    "           ( graph5(), np.array( [] ) ),\n",
    "           ( graph6(), np.array( [] ) ),\n",
    "           ( graph7(), np.array( [] ) ),\n",
    "           cycleGraph1(),\n",
    "           cycleGraph2(),\n",
    "           cycleGraph3(),\n",
    "           cycleGraph7(),\n",
    "           cycleGraph8(),\n",
    "           cycleGraph10(),\n",
    "           cycleGraph11(),\n",
    "           cycleGraph12() ]\n",
    "graphs = graphs*3"
   ]
  },
  {
   "cell_type": "code",
   "execution_count": 5,
   "metadata": {},
   "outputs": [
    {
     "name": "stdout",
     "output_type": "stream",
     "text": [
      "348\n"
     ]
    }
   ],
   "source": [
    "total_nodes = sum( [ len( g.nodes ) for g, _ in graphs ] )\n",
    "print( total_nodes )"
   ]
  },
  {
   "cell_type": "code",
   "execution_count": null,
   "metadata": {},
   "outputs": [],
   "source": []
  },
  {
   "cell_type": "code",
   "execution_count": 6,
   "metadata": {},
   "outputs": [],
   "source": [
    "initial_shape, transition_shapes, emission_shape = GHMM.parameterShapes( graphs, d_latent=3, d_obs=4 )\n",
    "initial_priors = np.ones( initial_shape )\n",
    "transition_priors = [ np.ones( shape ) for shape in transition_shapes ]\n",
    "emission_prior = np.ones( emission_shape )"
   ]
  },
  {
   "cell_type": "code",
   "execution_count": 7,
   "metadata": {},
   "outputs": [],
   "source": [
    "true_model = GHMM( priors=( initial_priors, transition_priors, emission_prior ), method='EM' )\n",
    "for i, ( graph, fbs ) in enumerate( graphs ):\n",
    "    true_model.setGraphs( [ ( graph, fbs ) ] )\n",
    "    _, data = true_model.sampleStates()\n",
    "    graph.setNodeData( data.keys(), data.values() )"
   ]
  },
  {
   "cell_type": "code",
   "execution_count": 8,
   "metadata": {},
   "outputs": [
    {
     "name": "stdout",
     "output_type": "stream",
     "text": [
      "[0.20714607 0.04053327 0.75232065]\n",
      "[array([[0.20367059, 0.57957999, 0.21674941],\n",
      "       [0.01569676, 0.36075754, 0.6235457 ],\n",
      "       [0.80639984, 0.15746988, 0.03613028]]), array([[[0.33454559, 0.4755289 , 0.18992551],\n",
      "        [0.09345248, 0.82159267, 0.08495485],\n",
      "        [0.3895778 , 0.55134663, 0.05907557]],\n",
      "\n",
      "       [[0.01468719, 0.92997372, 0.05533909],\n",
      "        [0.64430633, 0.22007167, 0.135622  ],\n",
      "        [0.84460784, 0.07579987, 0.07959229]],\n",
      "\n",
      "       [[0.8180041 , 0.07813101, 0.10386489],\n",
      "        [0.70121744, 0.13619973, 0.16258283],\n",
      "        [0.28775266, 0.43441004, 0.2778373 ]]]), array([[[[0.14194463, 0.10820545, 0.74984992],\n",
      "         [0.2616434 , 0.60321395, 0.13514265],\n",
      "         [0.43329075, 0.18370997, 0.38299928]],\n",
      "\n",
      "        [[0.64338023, 0.10982804, 0.24679173],\n",
      "         [0.34523428, 0.00145794, 0.65330778],\n",
      "         [0.14729972, 0.26684061, 0.58585967]],\n",
      "\n",
      "        [[0.52194879, 0.26028224, 0.21776897],\n",
      "         [0.03348695, 0.77034109, 0.19617196],\n",
      "         [0.36427847, 0.3355447 , 0.30017682]]],\n",
      "\n",
      "\n",
      "       [[[0.15163759, 0.49189241, 0.35647   ],\n",
      "         [0.61211666, 0.28169614, 0.1061872 ],\n",
      "         [0.46517739, 0.04727574, 0.48754687]],\n",
      "\n",
      "        [[0.06633328, 0.29584889, 0.63781782],\n",
      "         [0.20361059, 0.20898062, 0.58740879],\n",
      "         [0.66501482, 0.0742812 , 0.26070398]],\n",
      "\n",
      "        [[0.74603874, 0.13176984, 0.12219141],\n",
      "         [0.01289955, 0.74142533, 0.24567512],\n",
      "         [0.668559  , 0.03941822, 0.29202278]]],\n",
      "\n",
      "\n",
      "       [[[0.0699896 , 0.35177391, 0.57823649],\n",
      "         [0.10363995, 0.58319367, 0.31316638],\n",
      "         [0.19812746, 0.695747  , 0.10612553]],\n",
      "\n",
      "        [[0.79763533, 0.14434949, 0.05801517],\n",
      "         [0.20787016, 0.71333276, 0.07879709],\n",
      "         [0.74291616, 0.18621638, 0.07086746]],\n",
      "\n",
      "        [[0.02842165, 0.54215659, 0.42942177],\n",
      "         [0.1862183 , 0.3910924 , 0.4226893 ],\n",
      "         [0.79085932, 0.14314989, 0.06599079]]]]), array([[[[[6.53657931e-01, 6.20782741e-02, 2.84263795e-01],\n",
      "          [3.45539032e-01, 5.03825519e-01, 1.50635449e-01],\n",
      "          [5.08788597e-02, 3.97612932e-01, 5.51508209e-01]],\n",
      "\n",
      "         [[8.31450718e-01, 7.55110960e-04, 1.67794171e-01],\n",
      "          [2.50763671e-01, 7.36591735e-02, 6.75577156e-01],\n",
      "          [8.59555746e-02, 6.34603850e-01, 2.79440575e-01]],\n",
      "\n",
      "         [[7.38178562e-01, 1.48017391e-01, 1.13804046e-01],\n",
      "          [3.78220033e-02, 3.60083963e-02, 9.26169600e-01],\n",
      "          [1.18185960e-01, 6.39229889e-02, 8.17891051e-01]]],\n",
      "\n",
      "\n",
      "        [[[2.08727289e-01, 2.84246717e-01, 5.07025995e-01],\n",
      "          [2.24550228e-01, 1.16639192e-02, 7.63785852e-01],\n",
      "          [8.09461117e-02, 3.75617449e-01, 5.43436439e-01]],\n",
      "\n",
      "         [[4.79866176e-01, 3.32707284e-01, 1.87426539e-01],\n",
      "          [1.76554754e-02, 2.86583960e-01, 6.95760565e-01],\n",
      "          [2.24539207e-01, 4.76860659e-01, 2.98600134e-01]],\n",
      "\n",
      "         [[4.31015308e-01, 5.51326235e-01, 1.76584566e-02],\n",
      "          [6.10601547e-02, 6.13963856e-02, 8.77543460e-01],\n",
      "          [7.18654743e-01, 8.59279536e-02, 1.95417304e-01]]],\n",
      "\n",
      "\n",
      "        [[[6.72056273e-01, 3.20491643e-01, 7.45208414e-03],\n",
      "          [6.27669047e-01, 3.62485581e-01, 9.84537294e-03],\n",
      "          [2.55953460e-01, 6.05211644e-02, 6.83525376e-01]],\n",
      "\n",
      "         [[1.81994214e-01, 8.20187381e-02, 7.35987048e-01],\n",
      "          [2.56610104e-01, 7.36117145e-01, 7.27275107e-03],\n",
      "          [6.06449529e-01, 2.44094863e-01, 1.49455608e-01]],\n",
      "\n",
      "         [[7.95873927e-01, 6.43041675e-02, 1.39821905e-01],\n",
      "          [6.63224001e-01, 2.69758366e-01, 6.70176332e-02],\n",
      "          [3.30183602e-01, 5.53310352e-01, 1.16506046e-01]]]],\n",
      "\n",
      "\n",
      "\n",
      "       [[[[7.00227425e-01, 1.23438118e-01, 1.76334457e-01],\n",
      "          [2.21439088e-01, 5.48178835e-02, 7.23743029e-01],\n",
      "          [6.09148516e-01, 2.09297109e-02, 3.69921773e-01]],\n",
      "\n",
      "         [[1.16563838e-01, 3.49462940e-01, 5.33973223e-01],\n",
      "          [4.23820165e-01, 4.00401493e-01, 1.75778342e-01],\n",
      "          [5.63668154e-02, 7.89777059e-01, 1.53856125e-01]],\n",
      "\n",
      "         [[8.97094539e-02, 1.24840462e-01, 7.85450084e-01],\n",
      "          [4.65501001e-01, 4.35889468e-01, 9.86095313e-02],\n",
      "          [1.49100431e-02, 5.02193813e-01, 4.82896144e-01]]],\n",
      "\n",
      "\n",
      "        [[[4.46559399e-01, 5.50237075e-01, 3.20352594e-03],\n",
      "          [1.94058437e-01, 1.76856286e-01, 6.29085278e-01],\n",
      "          [3.48708457e-01, 4.16333378e-01, 2.34958165e-01]],\n",
      "\n",
      "         [[1.19888482e-01, 3.18075212e-01, 5.62036305e-01],\n",
      "          [2.73154768e-01, 1.89796542e-01, 5.37048690e-01],\n",
      "          [2.28473478e-01, 6.01244105e-01, 1.70282417e-01]],\n",
      "\n",
      "         [[7.71689985e-01, 1.24846462e-02, 2.15825368e-01],\n",
      "          [1.38158614e-01, 3.96607407e-01, 4.65233979e-01],\n",
      "          [2.48950400e-01, 3.74370057e-01, 3.76679543e-01]]],\n",
      "\n",
      "\n",
      "        [[[8.31421920e-01, 2.65956394e-02, 1.41982441e-01],\n",
      "          [9.92368189e-02, 6.59802806e-01, 2.40960375e-01],\n",
      "          [7.33708098e-01, 1.19473650e-01, 1.46818251e-01]],\n",
      "\n",
      "         [[3.60706903e-01, 5.64957105e-01, 7.43359925e-02],\n",
      "          [6.48413991e-02, 8.60547397e-01, 7.46112042e-02],\n",
      "          [1.13465924e-01, 3.47364582e-01, 5.39169494e-01]],\n",
      "\n",
      "         [[2.40122593e-01, 4.10740743e-01, 3.49136664e-01],\n",
      "          [1.94422219e-01, 5.43441992e-01, 2.62135789e-01],\n",
      "          [5.39647010e-01, 4.24088904e-01, 3.62640866e-02]]]],\n",
      "\n",
      "\n",
      "\n",
      "       [[[[7.10792327e-02, 4.27447125e-01, 5.01473642e-01],\n",
      "          [3.12330265e-02, 4.12843453e-01, 5.55923520e-01],\n",
      "          [4.04356871e-01, 2.12847243e-01, 3.82795886e-01]],\n",
      "\n",
      "         [[1.79919699e-01, 1.53556853e-01, 6.66523448e-01],\n",
      "          [8.32932944e-01, 7.48787655e-03, 1.59579180e-01],\n",
      "          [6.84415933e-01, 6.78934634e-02, 2.47690604e-01]],\n",
      "\n",
      "         [[2.38779658e-01, 3.99810365e-01, 3.61409978e-01],\n",
      "          [2.48541556e-01, 7.44694088e-01, 6.76435590e-03],\n",
      "          [2.34205062e-03, 8.78454536e-01, 1.19203413e-01]]],\n",
      "\n",
      "\n",
      "        [[[2.09341107e-02, 6.75949860e-01, 3.03116030e-01],\n",
      "          [6.81682789e-01, 6.19469106e-02, 2.56370300e-01],\n",
      "          [2.76003938e-01, 6.33737453e-01, 9.02586085e-02]],\n",
      "\n",
      "         [[2.14061166e-01, 3.98919780e-01, 3.87019054e-01],\n",
      "          [2.52271220e-01, 5.88323852e-02, 6.88896395e-01],\n",
      "          [1.20237868e-01, 6.69058688e-01, 2.10703444e-01]],\n",
      "\n",
      "         [[4.29841687e-02, 3.96318718e-01, 5.60697113e-01],\n",
      "          [3.38098613e-01, 2.76389948e-01, 3.85511439e-01],\n",
      "          [3.38252917e-01, 5.00690987e-01, 1.61056096e-01]]],\n",
      "\n",
      "\n",
      "        [[[6.42043623e-01, 1.02195151e-01, 2.55761226e-01],\n",
      "          [3.74326437e-01, 2.08397883e-01, 4.17275680e-01],\n",
      "          [4.10712345e-01, 5.87876490e-01, 1.41116518e-03]],\n",
      "\n",
      "         [[4.23242437e-01, 4.06867234e-01, 1.69890329e-01],\n",
      "          [5.72807296e-02, 5.89296902e-01, 3.53422369e-01],\n",
      "          [6.23976282e-01, 4.10523243e-02, 3.34971393e-01]],\n",
      "\n",
      "         [[3.85538832e-01, 3.14395424e-01, 3.00065744e-01],\n",
      "          [1.59217826e-01, 5.66180427e-01, 2.74601747e-01],\n",
      "          [6.27149244e-02, 9.00161789e-01, 3.71232867e-02]]]]]), array([[[[[[[8.54782227e-01, 1.17386114e-01, 2.78316585e-02],\n",
      "            [3.11801240e-01, 6.76207358e-01, 1.19914023e-02],\n",
      "            [4.10786212e-01, 4.99913756e-01, 8.93000312e-02]],\n",
      "\n",
      "           [[1.63319330e-01, 6.44171005e-01, 1.92509665e-01],\n",
      "            [4.39709638e-01, 2.03218914e-01, 3.57071447e-01],\n",
      "            [6.86707959e-02, 3.50818330e-01, 5.80510874e-01]],\n",
      "\n",
      "           [[1.51871856e-01, 3.85394847e-01, 4.62733296e-01],\n",
      "            [6.53360138e-01, 2.08365611e-01, 1.38274250e-01],\n",
      "            [8.34099665e-02, 2.45568091e-01, 6.71021942e-01]]],\n",
      "\n",
      "\n",
      "          [[[5.85376393e-01, 2.02568252e-01, 2.12055354e-01],\n",
      "            [2.89450235e-01, 3.15803059e-01, 3.94746706e-01],\n",
      "            [7.22006944e-01, 2.09749976e-01, 6.82430800e-02]],\n",
      "\n",
      "           [[7.49641720e-01, 3.43196091e-03, 2.46926319e-01],\n",
      "            [3.22096717e-01, 4.17311248e-01, 2.60592035e-01],\n",
      "            [6.89526977e-01, 6.87256372e-02, 2.41747386e-01]],\n",
      "\n",
      "           [[7.28673229e-01, 1.98810849e-01, 7.25159217e-02],\n",
      "            [4.25841576e-01, 9.85087301e-02, 4.75649694e-01],\n",
      "            [2.73157791e-01, 9.07960195e-02, 6.36046190e-01]]],\n",
      "\n",
      "\n",
      "          [[[2.58865375e-01, 9.57308039e-02, 6.45403821e-01],\n",
      "            [1.58402676e-01, 3.40238589e-01, 5.01358734e-01],\n",
      "            [1.05376281e-01, 5.27653724e-01, 3.66969995e-01]],\n",
      "\n",
      "           [[4.92396297e-01, 4.51669734e-01, 5.59339697e-02],\n",
      "            [1.70609869e-01, 8.12198462e-01, 1.71916688e-02],\n",
      "            [9.06735045e-02, 4.08640178e-01, 5.00686317e-01]],\n",
      "\n",
      "           [[5.32023635e-01, 1.34959548e-02, 4.54480411e-01],\n",
      "            [7.77614416e-01, 7.20203421e-02, 1.50365241e-01],\n",
      "            [8.01915172e-01, 9.99088431e-02, 9.81759845e-02]]]],\n",
      "\n",
      "\n",
      "\n",
      "         [[[[7.94474832e-01, 1.56043404e-01, 4.94817640e-02],\n",
      "            [4.69174157e-01, 3.41320544e-01, 1.89505300e-01],\n",
      "            [1.72210108e-01, 5.15928594e-01, 3.11861297e-01]],\n",
      "\n",
      "           [[2.71186301e-01, 1.70764613e-01, 5.58049087e-01],\n",
      "            [8.35573953e-01, 1.06209916e-01, 5.82161311e-02],\n",
      "            [2.95461272e-01, 5.39561344e-01, 1.64977383e-01]],\n",
      "\n",
      "           [[3.69449989e-02, 5.37787004e-01, 4.25267997e-01],\n",
      "            [1.37057736e-02, 7.33954562e-01, 2.52339665e-01],\n",
      "            [6.15623595e-01, 1.06020197e-01, 2.78356208e-01]]],\n",
      "\n",
      "\n",
      "          [[[4.62468917e-01, 4.91401878e-01, 4.61292043e-02],\n",
      "            [5.84881938e-01, 2.16000916e-01, 1.99117146e-01],\n",
      "            [3.69462707e-01, 4.22552733e-02, 5.88282019e-01]],\n",
      "\n",
      "           [[2.21532806e-01, 4.02384048e-01, 3.76083146e-01],\n",
      "            [4.90789831e-01, 3.57679352e-01, 1.51530817e-01],\n",
      "            [6.75762054e-01, 2.63208479e-01, 6.10294675e-02]],\n",
      "\n",
      "           [[7.42574403e-02, 6.95579953e-01, 2.30162607e-01],\n",
      "            [2.92467708e-01, 6.92440550e-01, 1.50917428e-02],\n",
      "            [4.83366853e-01, 3.84493029e-01, 1.32140117e-01]]],\n",
      "\n",
      "\n",
      "          [[[8.48873541e-03, 3.86807814e-01, 6.04703451e-01],\n",
      "            [4.97248151e-01, 3.67191050e-02, 4.66032744e-01],\n",
      "            [3.47962434e-01, 3.58315256e-03, 6.48454413e-01]],\n",
      "\n",
      "           [[5.74803285e-02, 8.41641543e-01, 1.00878128e-01],\n",
      "            [7.16155449e-01, 9.09012854e-02, 1.92943265e-01],\n",
      "            [2.86792217e-01, 1.02028521e-01, 6.11179263e-01]],\n",
      "\n",
      "           [[3.03176158e-01, 1.02774211e-01, 5.94049631e-01],\n",
      "            [5.87477984e-01, 1.00835481e-03, 4.11513661e-01],\n",
      "            [3.28321214e-01, 6.00507729e-01, 7.11710570e-02]]]],\n",
      "\n",
      "\n",
      "\n",
      "         [[[[3.75655662e-02, 3.58620334e-01, 6.03814100e-01],\n",
      "            [5.37783809e-01, 3.01975767e-01, 1.60240424e-01],\n",
      "            [8.00193610e-02, 7.23825635e-01, 1.96155004e-01]],\n",
      "\n",
      "           [[3.72625791e-01, 5.93144887e-01, 3.42293226e-02],\n",
      "            [6.72811632e-01, 5.07234304e-02, 2.76464937e-01],\n",
      "            [4.88051536e-01, 3.21315452e-01, 1.90633012e-01]],\n",
      "\n",
      "           [[5.13906096e-01, 3.09246962e-01, 1.76846942e-01],\n",
      "            [1.89003871e-01, 5.53846564e-01, 2.57149565e-01],\n",
      "            [1.53038017e-01, 3.62072131e-01, 4.84889852e-01]]],\n",
      "\n",
      "\n",
      "          [[[7.30823000e-01, 7.21974889e-05, 2.69104802e-01],\n",
      "            [1.10932212e-01, 5.85110408e-01, 3.03957381e-01],\n",
      "            [8.34327026e-02, 3.58806460e-01, 5.57760838e-01]],\n",
      "\n",
      "           [[2.33289372e-01, 2.88762882e-01, 4.77947745e-01],\n",
      "            [7.40735647e-01, 9.76384207e-02, 1.61625932e-01],\n",
      "            [5.11625980e-01, 8.87194181e-02, 3.99654602e-01]],\n",
      "\n",
      "           [[5.73257508e-01, 9.33009800e-02, 3.33441512e-01],\n",
      "            [5.60076609e-01, 1.66522291e-01, 2.73401100e-01],\n",
      "            [2.20922930e-01, 6.86901545e-01, 9.21755247e-02]]],\n",
      "\n",
      "\n",
      "          [[[4.98204807e-02, 2.65751362e-01, 6.84428157e-01],\n",
      "            [2.55031456e-01, 1.18449357e-01, 6.26519187e-01],\n",
      "            [6.05257214e-02, 7.65457328e-01, 1.74016951e-01]],\n",
      "\n",
      "           [[3.10577028e-01, 4.95335733e-01, 1.94087239e-01],\n",
      "            [1.21298343e-01, 6.84875027e-01, 1.93826630e-01],\n",
      "            [4.36715167e-01, 1.54757876e-01, 4.08526958e-01]],\n",
      "\n",
      "           [[9.48380106e-01, 1.98538065e-02, 3.17660875e-02],\n",
      "            [3.68704653e-01, 9.92865220e-02, 5.32008825e-01],\n",
      "            [4.07857699e-01, 8.12047904e-02, 5.10937511e-01]]]]],\n",
      "\n",
      "\n",
      "\n",
      "\n",
      "        [[[[[6.43994424e-01, 1.53567545e-02, 3.40648822e-01],\n",
      "            [6.50475557e-01, 1.06615569e-01, 2.42908874e-01],\n",
      "            [4.44129919e-01, 4.27135324e-01, 1.28734756e-01]],\n",
      "\n",
      "           [[1.98904231e-02, 7.41127049e-01, 2.38982528e-01],\n",
      "            [5.01146954e-01, 6.03203752e-02, 4.38532671e-01],\n",
      "            [8.31563273e-01, 6.92479128e-02, 9.91888139e-02]],\n",
      "\n",
      "           [[5.40337290e-01, 1.88484548e-01, 2.71178162e-01],\n",
      "            [1.74975320e-01, 7.00882020e-01, 1.24142659e-01],\n",
      "            [2.57618739e-01, 2.68605130e-01, 4.73776130e-01]]],\n",
      "\n",
      "\n",
      "          [[[3.59769770e-01, 5.66390599e-02, 5.83591170e-01],\n",
      "            [4.21451687e-01, 4.37390561e-01, 1.41157752e-01],\n",
      "            [7.25984511e-01, 1.06156209e-01, 1.67859280e-01]],\n",
      "\n",
      "           [[1.94621297e-01, 6.02819488e-01, 2.02559216e-01],\n",
      "            [7.22272773e-01, 2.22238876e-01, 5.54883508e-02],\n",
      "            [6.71420364e-01, 3.05674287e-01, 2.29053490e-02]],\n",
      "\n",
      "           [[9.13413758e-01, 8.62837414e-03, 7.79578681e-02],\n",
      "            [5.51908202e-01, 1.11668853e-01, 3.36422945e-01],\n",
      "            [1.80406439e-01, 7.62969657e-01, 5.66239039e-02]]],\n",
      "\n",
      "\n",
      "          [[[5.36797696e-01, 4.49577549e-01, 1.36247552e-02],\n",
      "            [3.73731378e-01, 1.97117473e-02, 6.06556875e-01],\n",
      "            [2.59024644e-01, 2.00730137e-02, 7.20902343e-01]],\n",
      "\n",
      "           [[2.27354836e-01, 6.08561801e-02, 7.11788984e-01],\n",
      "            [6.53043337e-01, 2.33576997e-01, 1.13379666e-01],\n",
      "            [3.20568424e-01, 2.65298920e-02, 6.52901684e-01]],\n",
      "\n",
      "           [[2.53137466e-01, 5.50986717e-01, 1.95875817e-01],\n",
      "            [2.96238593e-01, 4.91989535e-01, 2.11771872e-01],\n",
      "            [6.76987935e-01, 7.36456118e-02, 2.49366453e-01]]]],\n",
      "\n",
      "\n",
      "\n",
      "         [[[[3.76506867e-01, 6.11412553e-01, 1.20805799e-02],\n",
      "            [3.31434225e-01, 3.30757390e-01, 3.37808385e-01],\n",
      "            [4.13764860e-01, 2.80687197e-01, 3.05547943e-01]],\n",
      "\n",
      "           [[1.30906328e-01, 5.53757620e-01, 3.15336052e-01],\n",
      "            [1.37955840e-01, 4.93695338e-01, 3.68348822e-01],\n",
      "            [1.72769564e-01, 3.48640625e-01, 4.78589811e-01]],\n",
      "\n",
      "           [[7.03408095e-02, 8.75741448e-01, 5.39177423e-02],\n",
      "            [3.74576209e-03, 3.63611125e-01, 6.32643113e-01],\n",
      "            [2.59867636e-02, 4.19089417e-01, 5.54923819e-01]]],\n",
      "\n",
      "\n",
      "          [[[3.79748324e-01, 5.03558042e-01, 1.16693634e-01],\n",
      "            [1.37617898e-01, 1.71757056e-01, 6.90625046e-01],\n",
      "            [8.83928217e-01, 6.24114059e-02, 5.36603767e-02]],\n",
      "\n",
      "           [[9.27687870e-02, 7.76739382e-01, 1.30491831e-01],\n",
      "            [5.85820237e-01, 3.57360717e-01, 5.68190458e-02],\n",
      "            [7.03477075e-02, 7.19485988e-01, 2.10166304e-01]],\n",
      "\n",
      "           [[2.02727837e-01, 3.10310816e-01, 4.86961347e-01],\n",
      "            [7.51143106e-01, 1.82000703e-01, 6.68561917e-02],\n",
      "            [4.25574389e-01, 5.54006271e-02, 5.19024984e-01]]],\n",
      "\n",
      "\n",
      "          [[[9.11997615e-01, 6.28478791e-02, 2.51545058e-02],\n",
      "            [1.17321764e-01, 6.00999437e-01, 2.81678799e-01],\n",
      "            [2.68675017e-01, 1.91283742e-01, 5.40041242e-01]],\n",
      "\n",
      "           [[1.82133558e-02, 9.38343344e-01, 4.34433001e-02],\n",
      "            [1.36391705e-01, 1.70782982e-01, 6.92825313e-01],\n",
      "            [3.89417207e-01, 2.27059562e-01, 3.83523232e-01]],\n",
      "\n",
      "           [[1.39869128e-01, 5.06031864e-01, 3.54099008e-01],\n",
      "            [8.19169719e-01, 1.65210613e-01, 1.56196676e-02],\n",
      "            [7.39233611e-01, 2.56899524e-01, 3.86686486e-03]]]],\n",
      "\n",
      "\n",
      "\n",
      "         [[[[6.74069335e-01, 3.06224663e-01, 1.97060015e-02],\n",
      "            [2.45266574e-01, 1.87463518e-01, 5.67269909e-01],\n",
      "            [1.19738432e-01, 5.10179061e-02, 8.29243662e-01]],\n",
      "\n",
      "           [[3.31886274e-01, 3.81283854e-01, 2.86829872e-01],\n",
      "            [3.07473706e-01, 3.45132657e-01, 3.47393637e-01],\n",
      "            [6.59313779e-01, 2.41278250e-01, 9.94079707e-02]],\n",
      "\n",
      "           [[3.12378770e-02, 8.22963115e-01, 1.45799008e-01],\n",
      "            [5.29154369e-01, 2.12230342e-01, 2.58615290e-01],\n",
      "            [4.19969105e-01, 2.09522453e-01, 3.70508442e-01]]],\n",
      "\n",
      "\n",
      "          [[[1.14763404e-01, 7.75628350e-01, 1.09608246e-01],\n",
      "            [7.34927758e-01, 2.63718626e-01, 1.35361631e-03],\n",
      "            [6.96779882e-02, 4.51003725e-01, 4.79318287e-01]],\n",
      "\n",
      "           [[2.22661126e-01, 3.26102390e-01, 4.51236484e-01],\n",
      "            [3.58971566e-01, 3.82130026e-01, 2.58898408e-01],\n",
      "            [3.08471279e-01, 2.37388255e-01, 4.54140467e-01]],\n",
      "\n",
      "           [[3.26804286e-01, 6.42949737e-01, 3.02459773e-02],\n",
      "            [2.67692584e-01, 5.51113457e-02, 6.77196070e-01],\n",
      "            [1.93662705e-01, 3.95601258e-01, 4.10736036e-01]]],\n",
      "\n",
      "\n",
      "          [[[2.85751106e-01, 5.46625636e-01, 1.67623259e-01],\n",
      "            [2.82400226e-01, 4.19060647e-01, 2.98539127e-01],\n",
      "            [3.40948684e-02, 9.42155010e-01, 2.37501213e-02]],\n",
      "\n",
      "           [[1.75765697e-01, 3.72961258e-02, 7.86938177e-01],\n",
      "            [1.49328801e-01, 2.98811710e-02, 8.20790028e-01],\n",
      "            [6.53421609e-01, 2.16807132e-01, 1.29771259e-01]],\n",
      "\n",
      "           [[7.59388575e-01, 1.31434706e-01, 1.09176718e-01],\n",
      "            [2.14672214e-01, 2.13691645e-01, 5.71636141e-01],\n",
      "            [3.96826777e-02, 5.80797542e-01, 3.79519780e-01]]]]],\n",
      "\n",
      "\n",
      "\n",
      "\n",
      "        [[[[[4.44987345e-02, 5.65524555e-01, 3.89976710e-01],\n",
      "            [9.28011997e-02, 7.39296159e-01, 1.67902641e-01],\n",
      "            [6.72871431e-01, 2.84828338e-01, 4.23002309e-02]],\n",
      "\n",
      "           [[4.78965608e-01, 4.52254960e-02, 4.75808896e-01],\n",
      "            [2.10629103e-01, 7.08206144e-01, 8.11647533e-02],\n",
      "            [4.88881573e-02, 5.29167641e-01, 4.21944202e-01]],\n",
      "\n",
      "           [[2.30719322e-01, 5.05628661e-01, 2.63652017e-01],\n",
      "            [4.05982942e-01, 9.08614798e-02, 5.03155578e-01],\n",
      "            [5.93591911e-01, 2.78240931e-02, 3.78583996e-01]]],\n",
      "\n",
      "\n",
      "          [[[2.30667401e-01, 7.51751938e-01, 1.75806618e-02],\n",
      "            [3.49966347e-01, 4.64770611e-01, 1.85263042e-01],\n",
      "            [1.29816346e-01, 6.54523911e-02, 8.04731263e-01]],\n",
      "\n",
      "           [[3.88943084e-01, 5.61441499e-01, 4.96154165e-02],\n",
      "            [1.30852373e-01, 6.86479861e-02, 8.00499641e-01],\n",
      "            [6.50897580e-01, 2.56849790e-01, 9.22526301e-02]],\n",
      "\n",
      "           [[2.32068959e-01, 4.24431762e-01, 3.43499278e-01],\n",
      "            [4.19739110e-01, 5.03906176e-01, 7.63547137e-02],\n",
      "            [1.29665612e-01, 7.85021692e-01, 8.53126962e-02]]],\n",
      "\n",
      "\n",
      "          [[[5.77487274e-01, 1.38930591e-01, 2.83582135e-01],\n",
      "            [1.10189454e-02, 7.27908299e-01, 2.61072756e-01],\n",
      "            [4.96813455e-01, 5.21422514e-02, 4.51044294e-01]],\n",
      "\n",
      "           [[2.89485877e-02, 1.16864065e-01, 8.54187347e-01],\n",
      "            [2.78471377e-01, 6.06698409e-01, 1.14830214e-01],\n",
      "            [4.72358132e-01, 2.36469932e-01, 2.91171937e-01]],\n",
      "\n",
      "           [[1.78598472e-01, 3.04377327e-01, 5.17024201e-01],\n",
      "            [3.72729382e-01, 8.84917886e-02, 5.38778830e-01],\n",
      "            [3.77777884e-01, 2.35153566e-01, 3.87068549e-01]]]],\n",
      "\n",
      "\n",
      "\n",
      "         [[[[2.15720308e-01, 3.66971297e-01, 4.17308394e-01],\n",
      "            [3.29862713e-01, 2.64244151e-01, 4.05893136e-01],\n",
      "            [8.28270458e-03, 1.27938910e-01, 8.63778386e-01]],\n",
      "\n",
      "           [[1.23266497e-01, 7.33670615e-01, 1.43062888e-01],\n",
      "            [3.01200520e-02, 9.50355059e-01, 1.95248894e-02],\n",
      "            [4.28521472e-01, 6.61588444e-02, 5.05319684e-01]],\n",
      "\n",
      "           [[5.18470799e-02, 1.66830240e-01, 7.81322680e-01],\n",
      "            [7.40936735e-02, 6.27653021e-01, 2.98253305e-01],\n",
      "            [5.45153774e-02, 8.66235269e-01, 7.92493536e-02]]],\n",
      "\n",
      "\n",
      "          [[[3.88390364e-01, 2.09879726e-02, 5.90621663e-01],\n",
      "            [1.03158465e-01, 4.29605351e-01, 4.67236185e-01],\n",
      "            [6.23701829e-01, 2.05873510e-01, 1.70424661e-01]],\n",
      "\n",
      "           [[2.93327475e-01, 2.25156580e-01, 4.81515944e-01],\n",
      "            [7.05485728e-01, 1.75875151e-01, 1.18639121e-01],\n",
      "            [1.73177091e-01, 6.94138828e-02, 7.57409026e-01]],\n",
      "\n",
      "           [[2.42913614e-01, 2.34075206e-01, 5.23011179e-01],\n",
      "            [1.12371579e-01, 5.45553665e-01, 3.42074755e-01],\n",
      "            [2.52894817e-01, 2.66813160e-01, 4.80292023e-01]]],\n",
      "\n",
      "\n",
      "          [[[6.83914609e-01, 2.70983915e-01, 4.51014757e-02],\n",
      "            [4.91228169e-01, 1.44665026e-01, 3.64106805e-01],\n",
      "            [9.83886715e-02, 6.31292683e-01, 2.70318646e-01]],\n",
      "\n",
      "           [[1.83797847e-01, 5.44353619e-01, 2.71848533e-01],\n",
      "            [1.04393833e-01, 7.01569282e-01, 1.94036885e-01],\n",
      "            [3.81503567e-01, 3.70057301e-01, 2.48439132e-01]],\n",
      "\n",
      "           [[9.08678985e-02, 1.46889650e-01, 7.62242451e-01],\n",
      "            [7.42138458e-01, 1.44093768e-02, 2.43452165e-01],\n",
      "            [2.31456549e-01, 2.30630248e-01, 5.37913204e-01]]]],\n",
      "\n",
      "\n",
      "\n",
      "         [[[[1.23956214e-01, 7.49328544e-01, 1.26715241e-01],\n",
      "            [5.23290072e-01, 7.19306735e-02, 4.04779255e-01],\n",
      "            [4.25008800e-01, 3.99744776e-01, 1.75246424e-01]],\n",
      "\n",
      "           [[1.79090181e-01, 7.88558246e-01, 3.23515738e-02],\n",
      "            [5.21826313e-01, 3.04883487e-01, 1.73290200e-01],\n",
      "            [5.14504318e-01, 1.03336125e-01, 3.82159557e-01]],\n",
      "\n",
      "           [[1.99154368e-01, 7.54519424e-01, 4.63262081e-02],\n",
      "            [8.91166765e-01, 2.96597695e-02, 7.91734653e-02],\n",
      "            [3.23633767e-01, 3.25447012e-01, 3.50919221e-01]]],\n",
      "\n",
      "\n",
      "          [[[8.69085341e-01, 1.08812071e-01, 2.21025873e-02],\n",
      "            [3.54887129e-02, 8.02000373e-01, 1.62510914e-01],\n",
      "            [1.85169127e-01, 6.16752472e-01, 1.98078401e-01]],\n",
      "\n",
      "           [[7.65337120e-02, 2.79559802e-01, 6.43906486e-01],\n",
      "            [4.61397040e-01, 4.28813586e-01, 1.09789374e-01],\n",
      "            [3.78793837e-01, 4.12108275e-01, 2.09097888e-01]],\n",
      "\n",
      "           [[3.35663939e-01, 2.03603856e-01, 4.60732205e-01],\n",
      "            [6.03554661e-01, 3.03100522e-01, 9.33448172e-02],\n",
      "            [3.98792850e-01, 4.29823600e-01, 1.71383550e-01]]],\n",
      "\n",
      "\n",
      "          [[[8.38287235e-01, 1.05609247e-01, 5.61035177e-02],\n",
      "            [6.56224771e-01, 6.77642244e-03, 3.36998807e-01],\n",
      "            [3.08423577e-01, 3.12974997e-01, 3.78601426e-01]],\n",
      "\n",
      "           [[4.21680730e-03, 4.81264403e-01, 5.14518790e-01],\n",
      "            [9.92095865e-02, 6.08108566e-01, 2.92681847e-01],\n",
      "            [2.32482229e-01, 2.71706873e-01, 4.95810898e-01]],\n",
      "\n",
      "           [[7.64917525e-01, 4.96849240e-02, 1.85397551e-01],\n",
      "            [4.99343600e-01, 2.84230555e-01, 2.16425845e-01],\n",
      "            [1.45892135e-01, 2.71268471e-01, 5.82839394e-01]]]]]],\n",
      "\n",
      "\n",
      "\n",
      "\n",
      "\n",
      "       [[[[[[5.15799090e-01, 3.93268375e-01, 9.09325349e-02],\n",
      "            [2.17504972e-01, 1.49865128e-01, 6.32629900e-01],\n",
      "            [2.77901644e-01, 2.04985458e-01, 5.17112898e-01]],\n",
      "\n",
      "           [[1.99624607e-01, 4.18796032e-02, 7.58495790e-01],\n",
      "            [3.24083824e-01, 5.62779543e-01, 1.13136634e-01],\n",
      "            [8.26276633e-03, 9.90969967e-01, 7.67266436e-04]],\n",
      "\n",
      "           [[4.00079272e-01, 4.02616437e-01, 1.97304292e-01],\n",
      "            [3.05762261e-01, 5.22835987e-01, 1.71401752e-01],\n",
      "            [4.91502024e-01, 3.94041265e-01, 1.14456711e-01]]],\n",
      "\n",
      "\n",
      "          [[[2.30508509e-01, 2.13803045e-01, 5.55688446e-01],\n",
      "            [3.60103766e-02, 9.27141748e-01, 3.68478757e-02],\n",
      "            [3.79677682e-01, 2.68589011e-03, 6.17636428e-01]],\n",
      "\n",
      "           [[3.19794206e-01, 3.53954573e-02, 6.44810337e-01],\n",
      "            [7.84529404e-02, 7.31250189e-01, 1.90296870e-01],\n",
      "            [7.29386865e-01, 1.61592296e-01, 1.09020840e-01]],\n",
      "\n",
      "           [[6.45584274e-01, 2.45448131e-01, 1.08967595e-01],\n",
      "            [1.79643722e-01, 4.06984657e-01, 4.13371621e-01],\n",
      "            [1.53356162e-01, 2.16108102e-01, 6.30535735e-01]]],\n",
      "\n",
      "\n",
      "          [[[2.24694838e-02, 5.98610228e-01, 3.78920288e-01],\n",
      "            [2.69493802e-01, 2.60230450e-01, 4.70275748e-01],\n",
      "            [1.31650295e-02, 4.49731629e-01, 5.37103341e-01]],\n",
      "\n",
      "           [[4.74485161e-01, 2.92700950e-01, 2.32813888e-01],\n",
      "            [2.44848582e-01, 5.54936506e-02, 6.99657768e-01],\n",
      "            [7.58055157e-01, 6.46697761e-02, 1.77275067e-01]],\n",
      "\n",
      "           [[2.22664973e-01, 6.13080416e-01, 1.64254610e-01],\n",
      "            [4.55275680e-01, 5.32561859e-01, 1.21624608e-02],\n",
      "            [2.97633781e-01, 3.16166308e-02, 6.70749588e-01]]]],\n",
      "\n",
      "\n",
      "\n",
      "         [[[[5.09391528e-01, 4.22425456e-01, 6.81830152e-02],\n",
      "            [4.75124588e-01, 2.11839300e-01, 3.13036112e-01],\n",
      "            [6.85064458e-01, 2.83287742e-01, 3.16478000e-02]],\n",
      "\n",
      "           [[2.66037868e-01, 4.62073903e-01, 2.71888229e-01],\n",
      "            [2.52962337e-03, 4.16598899e-01, 5.80871478e-01],\n",
      "            [5.81697429e-01, 6.64793775e-02, 3.51823194e-01]],\n",
      "\n",
      "           [[5.07626443e-01, 1.60763204e-01, 3.31610353e-01],\n",
      "            [4.29426952e-01, 5.18552791e-01, 5.20202569e-02],\n",
      "            [2.46271011e-01, 2.60952233e-02, 7.27633766e-01]]],\n",
      "\n",
      "\n",
      "          [[[4.12917732e-01, 2.44887908e-02, 5.62593478e-01],\n",
      "            [7.08383557e-03, 1.88726471e-01, 8.04189694e-01],\n",
      "            [1.91073333e-01, 5.07170085e-01, 3.01756583e-01]],\n",
      "\n",
      "           [[8.55440781e-01, 3.31742725e-02, 1.11384947e-01],\n",
      "            [2.05406580e-01, 7.05364620e-01, 8.92287995e-02],\n",
      "            [3.68413076e-01, 4.74072801e-01, 1.57514123e-01]],\n",
      "\n",
      "           [[3.82011618e-01, 1.00698110e-01, 5.17290272e-01],\n",
      "            [7.50256373e-01, 2.14967340e-01, 3.47762874e-02],\n",
      "            [2.65561406e-02, 5.70205574e-01, 4.03238285e-01]]],\n",
      "\n",
      "\n",
      "          [[[3.59810103e-01, 1.80069649e-01, 4.60120249e-01],\n",
      "            [2.17942423e-01, 5.43304754e-02, 7.27727102e-01],\n",
      "            [1.75209872e-01, 3.71315135e-01, 4.53474993e-01]],\n",
      "\n",
      "           [[8.42651044e-01, 1.31841537e-01, 2.55074198e-02],\n",
      "            [7.12403323e-02, 8.99232378e-01, 2.95272900e-02],\n",
      "            [3.92700897e-01, 6.04132461e-01, 3.16664164e-03]],\n",
      "\n",
      "           [[1.94660234e-01, 2.19135813e-01, 5.86203952e-01],\n",
      "            [1.36734449e-01, 6.60176840e-01, 2.03088711e-01],\n",
      "            [2.64826065e-02, 1.12185831e-01, 8.61331563e-01]]]],\n",
      "\n",
      "\n",
      "\n",
      "         [[[[2.35224766e-01, 4.71823169e-01, 2.92952065e-01],\n",
      "            [1.35247325e-01, 2.08969828e-01, 6.55782847e-01],\n",
      "            [2.13031836e-01, 7.55905772e-01, 3.10623918e-02]],\n",
      "\n",
      "           [[5.34259222e-02, 4.39853999e-01, 5.06720079e-01],\n",
      "            [7.52287963e-01, 5.71507871e-02, 1.90561250e-01],\n",
      "            [7.13394268e-02, 6.64709725e-01, 2.63950848e-01]],\n",
      "\n",
      "           [[3.58494231e-01, 6.02473899e-01, 3.90318700e-02],\n",
      "            [2.21487376e-01, 6.05026075e-01, 1.73486549e-01],\n",
      "            [3.65597346e-01, 2.62940799e-01, 3.71461855e-01]]],\n",
      "\n",
      "\n",
      "          [[[1.59455952e-01, 2.34430105e-01, 6.06113943e-01],\n",
      "            [3.51452118e-01, 5.84226029e-01, 6.43218529e-02],\n",
      "            [4.16150270e-01, 2.47459645e-02, 5.59103765e-01]],\n",
      "\n",
      "           [[5.22677983e-02, 4.06213824e-02, 9.07110819e-01],\n",
      "            [2.48252088e-01, 4.74806211e-01, 2.76941701e-01],\n",
      "            [6.29367195e-01, 1.98271225e-01, 1.72361580e-01]],\n",
      "\n",
      "           [[1.81016073e-01, 4.40439229e-01, 3.78544698e-01],\n",
      "            [5.08172348e-01, 2.20781528e-01, 2.71046123e-01],\n",
      "            [5.01726855e-02, 6.46003088e-01, 3.03824226e-01]]],\n",
      "\n",
      "\n",
      "          [[[5.01465746e-03, 6.84349803e-01, 3.10635539e-01],\n",
      "            [8.74257672e-02, 8.40113370e-01, 7.24608630e-02],\n",
      "            [8.53660425e-01, 3.02952562e-02, 1.16044319e-01]],\n",
      "\n",
      "           [[6.79023865e-01, 1.79669470e-01, 1.41306666e-01],\n",
      "            [3.09087894e-01, 4.71119171e-01, 2.19792934e-01],\n",
      "            [1.41133311e-01, 5.96292262e-01, 2.62574427e-01]],\n",
      "\n",
      "           [[3.70235631e-01, 6.18159295e-01, 1.16050738e-02],\n",
      "            [2.69070821e-01, 1.22221712e-02, 7.18707007e-01],\n",
      "            [1.33824263e-01, 7.33029925e-01, 1.33145812e-01]]]]],\n",
      "\n",
      "\n",
      "\n",
      "\n",
      "        [[[[[5.15493350e-01, 1.68228126e-01, 3.16278524e-01],\n",
      "            [5.94835299e-01, 1.61502502e-01, 2.43662199e-01],\n",
      "            [1.55350892e-01, 1.24706834e-01, 7.19942274e-01]],\n",
      "\n",
      "           [[1.54659990e-01, 5.44627405e-01, 3.00712605e-01],\n",
      "            [3.76041587e-01, 4.94975826e-01, 1.28982588e-01],\n",
      "            [7.84736670e-02, 9.04185320e-02, 8.31107801e-01]],\n",
      "\n",
      "           [[6.98918378e-01, 2.31088413e-01, 6.99932094e-02],\n",
      "            [1.62019341e-01, 2.57355316e-01, 5.80625344e-01],\n",
      "            [1.10498396e-01, 8.46254736e-01, 4.32468682e-02]]],\n",
      "\n",
      "\n",
      "          [[[3.47316004e-01, 3.51454278e-01, 3.01229718e-01],\n",
      "            [2.77648124e-01, 7.22310917e-01, 4.09595109e-05],\n",
      "            [1.45645550e-02, 9.67722124e-01, 1.77133208e-02]],\n",
      "\n",
      "           [[7.13262631e-02, 4.37832478e-01, 4.90841259e-01],\n",
      "            [7.86350349e-01, 1.88163950e-01, 2.54857010e-02],\n",
      "            [3.64907391e-01, 3.39846206e-01, 2.95246404e-01]],\n",
      "\n",
      "           [[3.47077497e-01, 3.84029303e-01, 2.68893200e-01],\n",
